0.000000,100000.000000,0.000000
0.010000,101004.996608,1015.086889
0.020000,102020.093600,2060.881787
0.030000,103045.392106,3138.101778
0.040000,104080.995026,4247.490809
0.050000,105127.005926,5389.803491
0.060000,106183.529406,6565.810531
0.070000,107250.671120,7776.299313
0.080000,108328.537782,9022.074197
0.090000,109417.237181,10303.956879
0.100000,110516.878186,11622.786747
0.110000,111627.570763,12979.421251
0.120000,112749.425981,14374.736278
0.130000,113882.556028,15809.626538
0.140000,115027.074217,17285.005954
0.150000,116183.095001,18801.808061
0.160000,117350.733982,20360.986414
0.170000,118530.107926,21963.515005
0.180000,119721.334771,23610.388687
0.190000,120924.533640,25302.623609
0.200000,122139.824854,27041.257655
0.210000,123367.329944,28827.350898
0.220000,124607.171660,30661.986057
0.230000,125859.473987,32546.268974
0.240000,127124.362158,34481.329085
0.250000,128401.962662,36468.319914
0.260000,129692.403259,38508.419574
0.270000,130995.812995,40602.831272
0.280000,132312.322211,42752.783831
0.290000,133642.062561,44959.532223
0.300000,134985.167018,47224.358107
0.310000,136341.769894,49548.570383
0.320000,137712.006851,51933.505757
0.330000,139096.014913,54380.529314
0.340000,140493.932482,56891.035106
0.350000,141905.899351,59466.446754
0.360000,143332.056717,62108.218054
0.370000,144772.547198,64817.833606
0.380000,146227.514844,67596.809449
0.390000,147697.105152,70446.693707
0.400000,149181.465083,73369.067258
0.410000,150680.743074,76365.544406
0.420000,152195.089053,79437.773575
0.430000,153724.654457,82587.438009
0.440000,155269.592243,85816.256493
0.450000,156830.056906,89125.984088
0.460000,158406.204493,92518.412876
0.470000,159998.192622,95995.372726
0.480000,161606.180491,99558.732074
0.490000,163230.328901,103210.398714
0.500000,164870.800267,106952.320616
0.510000,166527.758639,110786.486746
0.520000,168201.369713,114714.927918
0.530000,169891.800852,118739.717653
0.540000,171599.221100,122862.973056
0.550000,173323.801200,127086.855718
0.560000,175065.713612,131413.572632
0.570000,176825.132528,135845.377122
0.580000,178602.233892,140384.569802
0.590000,180397.195414,145033.499549
0.600000,182210.196593,149794.564492
0.610000,184041.418730,154670.213029
0.620000,185891.044949,159662.944857
0.630000,187759.260213,164775.312030
0.640000,189646.251346,170009.920037
0.650000,191552.207048,175369.428893
0.660000,193477.317916,180856.554268
0.670000,195421.776463,186474.068625
0.680000,197385.777135,192224.802388
0.690000,199369.516336,198111.645136
0.700000,201373.192439,204137.546811
0.710000,203397.005814,210305.518963
0.720000,205441.158844,216618.636015
0.730000,207505.855947,223080.036549
0.740000,209591.303592,229692.924626
0.750000,211697.710327,236460.571130
0.760000,213825.286793,243386.315138
0.770000,215974.245751,250473.565318
0.780000,218144.802097,257725.801356
0.790000,220337.172888,265146.575418
0.800000,222551.577365,272739.513627
0.810000,224788.236968,280508.317586
0.820000,227047.375365,288456.765922
0.830000,229329.218472,296588.715868
0.840000,231633.994476,304908.104868
0.850000,233961.933854,313418.952226
0.860000,236313.269404,322125.360780
0.870000,238688.236260,331031.518613
0.880000,241087.071920,340141.700802
0.890000,243510.016271,349460.271194
0.900000,245957.311608,358991.684227
0.910000,248429.202664,368740.486786
0.920000,250925.936628,378711.320091
0.930000,253447.763176,388908.921630
0.940000,255994.934493,399338.127130
0.950000,258567.705298,410003.872566
0.960000,261166.332869,420911.196209
0.970000,263791.077072,432065.240724
0.980000,266442.200383,443471.255302
0.990000,269119.967916,455134.597838
1.000000,271824.647451,467060.737154
1.010000,274556.509456,479255.255269
1.020000,277315.827121,491723.849711
1.030000,280102.876379,504472.335877
1.040000,282917.935938,517506.649445
1.050000,285761.287305,530832.848832
1.060000,288633.214817,544457.117696
1.070000,291534.005670,558385.767504
1.080000,294463.949945,572625.240135
1.090000,297423.340638,587182.110548
1.100000,300412.473692,602063.089498
1.110000,303431.648020,617275.026310
1.120000,306481.165544,632824.911711
1.130000,309561.331217,648719.880710
1.140000,312672.453058,664967.215552
1.150000,315814.842182,681574.348718
1.160000,318988.812830,698548.865991
1.170000,322194.682401,715898.509589
1.180000,325432.771485,733631.181353
1.190000,328703.403893,751754.946008
1.200000,332006.906692,770278.034480
1.210000,335343.610232,789208.847293
1.220000,338713.848189,808555.958027
1.230000,342117.957587,828328.116842
1.240000,345556.278841,848534.254089
1.250000,349029.155785,869183.483974
1.260000,352536.935710,890285.108315
1.270000,356079.969396,911848.620365
1.280000,359658.611149,933883.708710
1.290000,363273.218836,956400.261257
1.300000,366924.153921,979408.369294
1.310000,370611.781500,1002918.331635
1.320000,374336.470338,1026940.658849
1.330000,378098.592907,1051486.077575
1.340000,381898.525423,1076565.534925
1.350000,385736.647881,1102190.202977
1.360000,389613.344097,1128371.483356
1.370000,393529.001743,1155121.011909
1.380000,397484.012388,1182450.663479
1.390000,401478.771536,1210372.556770
1.400000,405513.678666,1238899.059316
1.410000,409589.137272,1268042.792544
1.420000,413705.554902,1297816.636946
1.430000,417863.343202,1328233.737356
1.440000,422062.917953,1359307.508325
1.450000,426304.699116,1391051.639619
1.460000,430589.110873,1423480.101818
1.470000,434916.581668,1456607.152029
1.480000,439287.544252,1490447.339721
1.490000,443702.435723,1525015.512676
1.500000,448161.697575,1560326.823055
1.510000,452665.775736,1596396.733593
1.520000,457215.120619,1633241.023921
1.530000,461810.187161,1670875.797010
1.540000,466451.434872,1709317.485748
1.550000,471139.327881,1748582.859657
1.560000,475874.334980,1788689.031731
1.570000,480656.929674,1829653.465432
1.580000,485487.590226,1871493.981810
1.590000,490366.799705,1914228.766778
1.600000,495295.046037,1957876.378533
1.610000,500272.822049,2002455.755124
1.620000,505300.625524,2047986.222173
1.630000,510378.959244,2094487.500761
1.640000,515508.331048,2141979.715462
1.650000,520689.253876,2190483.402548
1.660000,525922.245825,2240019.518355
1.670000,531207.830197,2290609.447825
1.680000,536546.535556,2342275.013216
1.690000,541938.895776,2395038.482987
1.700000,547385.450097,2448922.580868
1.710000,552886.743178,2503950.495113
1.720000,558443.325154,2560145.887936
1.730000,564055.751685,2617532.905143
1.740000,569724.584021,2676136.185956
1.750000,575450.389047,2735980.873040
1.760000,581233.739348,2797092.622725
1.770000,587075.213265,2859497.615449
1.780000,592975.394949,2923222.566394
1.790000,598934.874423,2988294.736357
1.800000,604954.247639,3054741.942825
1.810000,611034.116538,3122592.571283
1.820000,617175.089114,3191875.586752
1.830000,623377.779466,3262620.545553
1.840000,629642.807870,3334857.607317
1.850000,635970.800833,3408617.547235
1.860000,642362.391158,3483931.768555
1.870000,648818.218010,3560832.315337
1.880000,655338.926977,3639351.885457
1.890000,661925.170134,3719523.843885
1.900000,668577.606110,3801382.236226
1.910000,675296.900154,3884961.802534
1.920000,682083.724201,3970297.991411
1.930000,688938.756939,4057426.974387
1.940000,695862.683875,4146385.660591
1.950000,702856.197407,4237211.711725
1.960000,709919.996893,4329943.557331
1.970000,717054.788718,4424620.410379
1.980000,724261.286365,4521282.283160
1.990000,731540.210491,4619970.003508
2.000000,738892.288994,4720725.231347
2.010000,746318.257086,4823590.475574
2.020000,753818.857371,4928609.111282
2.030000,761394.839914,5035825.397337
2.040000,769046.962318,5145284.494301
2.050000,776775.989803,5257032.482733
2.060000,784582.695276,5371116.381840
2.070000,792467.859415,5487584.168529
2.080000,800432.270740,5606484.796822
2.090000,808476.725701,5727868.217682
2.100000,816602.028748,5851785.399229
2.110000,824808.992418,5978288.347372
2.120000,833098.437413,6107430.126851
2.130000,841471.192684,6239264.882715
2.140000,849928.095514,6373847.862227
2.150000,858469.991598,6511235.437215
2.160000,867097.735133,6651485.126873
2.170000,875812.188899,6794655.621029
2.180000,884614.224350,6940806.803879
2.190000,893504.721694,7089999.778202
2.200000,902484.569989,7242296.890066
2.210000,911554.667226,7397761.754036
2.220000,920715.920422,7556459.278887
2.230000,929969.245709,7718455.693840
2.240000,939315.568426,7883818.575335
2.250000,948755.823213,8052616.874331
2.260000,958290.954103,8224920.944177
2.270000,967921.914615,8400802.569028
2.280000,977649.667854,8580334.992855
2.290000,987475.186602,8763592.949022
2.300000,997399.453418,8950652.690484
2.310000,1007423.460736,9141592.020570
2.320000,1017548.210966,9336490.324417
2.330000,1027774.716589,9535428.601015
2.340000,1038104.000263,9738489.495916
2.350000,1048537.094926,9945757.334598
2.360000,1059075.043895,10157318.156511
2.370000,1069718.900971,10373259.749797
2.380000,1080469.730550,10593671.686733
2.390000,1091328.607722,10818645.359873
2.400000,1102296.618384,11048274.018931
2.410000,1113374.859344,11282652.808410
2.420000,1124564.438435,11521878.805984
2.430000,1135866.474624,11766051.061669
2.440000,1147282.098122,12015270.637775
2.450000,1158812.450501,12269640.649674
2.460000,1170458.684805,12529266.307389
2.470000,1182221.965666,12794254.958023
2.480000,1194103.469421,13064716.129053
2.490000,1206104.384229,13340761.572489
2.500000,1218225.910192,13622505.309939
2.510000,1230469.259470,13910063.678574
2.520000,1242835.656408,14203555.378030
2.530000,1255326.337656,14503101.518256
2.540000,1267942.552290,14808825.668330
2.550000,1280685.561942,15120853.906265
2.560000,1293556.640922,15439314.869815
2.570000,1306557.076348,15764339.808320
2.580000,1319688.168274,16096062.635589
2.590000,1332951.229818,16434619.983858
2.600000,1346347.587298,16780151.258838
2.610000,1359878.580358,17132798.695881
2.620000,1373545.562108,17492707.417270
2.630000,1387349.899258,17860025.490682
2.640000,1401292.972250,18234903.988822
2.650000,1415376.175404,18617497.050273
2.660000,1429600.917049,19007961.941566
2.670000,1443968.619672,19406459.120514
2.680000,1458480.720052,19813152.300825
2.690000,1473138.669412,20228208.518016
2.700000,1487943.933557,20651798.196667
2.710000,1502897.993025,21084095.219034
2.720000,1518002.343233,21525276.995044
2.730000,1533258.494628,21975524.533713
2.740000,1548667.972836,22435022.516005
2.750000,1564232.318817,22903959.369159
2.760000,1579953.089017,23382527.342531
2.770000,1595831.855526,23870922.584960
2.780000,1611870.206232,24369345.223698
2.790000,1628069.744982,24877999.444945
2.800000,1644432.091742,25397093.576004
2.810000,1660958.882760,25926840.169101
2.820000,1677651.770727,26467456.086898
2.830000,1694512.424945,27019162.589738
2.840000,1711542.531492,27582185.424650
2.850000,1728743.793391,28156754.916158
2.860000,1746117.930781,28743106.058925
2.870000,1763666.681091,29341478.612268
2.880000,1781391.799207,29952117.196584
2.890000,1799295.057656,30575271.391733
2.900000,1817378.246776,31211195.837396
2.910000,1835643.174900,31860150.335479
2.920000,1854091.668536,32522399.954575
2.930000,1872725.572545,33198215.136543
2.940000,1891546.750334,33887871.805239
2.950000,1910557.084034,34591651.477453
2.960000,1929758.474692,35309841.376079
2.970000,1949152.842463,36042734.545578
2.980000,1968742.126798,36790629.969776
2.990000,1988528.286640,37553832.692045
3.000000,2008513.300620,38332653.937906
3.010000,2028699.167255,39127411.240121
3.020000,2049087.905147,39938428.566307
3.030000,2069681.553185,40766036.449133
3.040000,2090482.170749,41610572.119147
3.050000,2111491.837918,42472379.640291
3.060000,2132712.655673,43351810.048156
3.070000,2154146.746112,44249221.491027
3.080000,2175796.252662,45164979.373784
3.090000,2197663.340288,46099456.504713
3.100000,2219750.195717,47053033.245280
3.110000,2242059.027651,48026097.662939
3.120000,2264592.066989,49019045.687021
3.130000,2287351.567053,50032281.267787
3.140000,2310339.803810,51066216.538680
3.150000,2333559.076102,52121271.981872
3.160000,2357011.705872,53197876.597147
3.170000,2380700.038403,54296468.074207
3.180000,2404626.442544,55417492.968452
3.190000,2428793.310955,56561406.880318
3.200000,2453203.060341,57728674.638242
3.210000,2477858.131696,58919770.485325
3.220000,2502760.990544,60135178.269760
3.230000,2527914.127192,61375391.639125
3.240000,2553320.056971,62640914.238588
3.250000,2578981.320495,63932259.913129
3.260000,2604900.483908,65249952.913842
3.270000,2631080.139147,66594528.108417
3.280000,2657522.904197,67966531.195863
3.290000,2684231.423355,69366518.925587
3.300000,2711208.367493,70795059.320887
3.310000,2738456.434326,72252731.906970
3.320000,2765978.348682,73740127.943582
3.330000,2793776.862771,75257850.662331
3.340000,2821854.756469,76806515.508813
3.350000,2850214.837583,78386750.389634
3.360000,2878859.942146,79999195.924416
3.370000,2907792.934688,81644505.702911
3.380000,2937016.708531,83323346.547295
3.390000,2966534.186074,85036398.779777
3.400000,2996348.319088,86784356.495612
3.410000,3026462.089008,88567927.841631
3.420000,3056878.507235,90387835.300402
3.430000,3087600.615433,92244815.980135
3.440000,3118631.485836,94139621.910447
3.450000,3149974.221556,96073020.344100
3.460000,3181631.956889,98045794.064846
3.470000,3213607.857633,100058741.701487
3.480000,3245905.121402,102112678.048284
3.490000,3278526.977948,104208434.391848
3.500000,3311476.689480,106346858.844626
3.510000,3344757.550995,108528816.685138
3.520000,3378372.890604,110755190.705086
3.530000,3412326.069867,113026881.563479
3.540000,3446620.484127,115344808.147913
3.550000,3481259.562852,117709907.943157
3.560000,3516246.769976,120123137.407187
3.570000,3551585.604246,122585472.354815
3.580000,3587279.599573,125097908.349078
3.590000,3623332.325383,127661461.100534
3.600000,3659747.386977,130277166.874629
3.610000,3696528.425887,132946082.907295
3.620000,3733679.120246,135669287.828948
3.630000,3771203.185151,138447882.097057
3.640000,3809104.373038,141282988.437453
3.650000,3847386.474053,144175752.294557
3.660000,3886053.316437,147127342.290709
3.670000,3925108.766902,150138950.694775
3.680000,3964556.731024,153211793.900232
3.690000,4004401.153628,156347112.912907
3.700000,4044646.019188,159546173.848579
3.710000,4085295.352220,162810268.440631
3.720000,4126353.217688,166140714.557969
3.730000,4167823.721411,169538856.733402
3.740000,4209711.010470,173006066.702700
3.750000,4252019.273625,176543743.954552
3.760000,4294752.741736,180153316.291627
3.770000,4337915.688181,183836240.402985
3.780000,4381512.429289,187594002.448051
3.790000,4425547.324765,191428118.652387
3.800000,4470024.778133,195340135.915507
3.810000,4514949.237172,199331632.430977
3.820000,4560325.194363,203404218.319045
3.830000,4606157.187335,207559536.272050
3.840000,4652449.799322,211799262.212883
3.850000,4699207.659621,216125105.966747
3.860000,4746435.444053,220538811.946494
3.870000,4794137.875433,225042159.851817
3.880000,4842319.724040,229636965.382560
3.890000,4890985.808095,234325080.966453
3.900000,4940140.994244,239108396.501546
3.910000,4989790.198043,243988840.113653
3.920000,5039938.384449,248968378.929095
3.930000,5090590.568320,254049019.863063
3.940000,5141751.814912,259232810.423911
3.950000,5193427.240389,264521839.533698
3.960000,5245622.012332,269918238.365321
3.970000,5298341.350259,275424181.196552
3.980000,5351590.526142,281041886.281343
3.990000,5405374.864941,286773616.738730
4.000000,5459699.745130,292621681.459705
4.010000,5514570.599238,298588436.032414
4.020000,5569992.914393,304676283.686041
4.030000,5625972.232867,310887676.253780
4.040000,5682514.152635,317225115.155252
4.050000,5739624.327932,323691152.398784
4.060000,5797308.469819,330288391.603932
4.070000,5855572.346754,337019489.044678
4.080000,5914421.785169,343887154.713690
4.090000,5973862.670053,350894153.408106
4.100000,6033900.945538,358043305.837243
4.110000,6094542.615498,365337489.752695
4.120000,6155793.744147,372779641.101271
4.130000,6217660.456643,380372755.201221
4.140000,6280148.939704,388119887.942235
4.150000,6343265.442227,396024157.009688
4.160000,6407016.275910,404088743.133626
4.170000,6471407.815884,412316891.362983
4.180000,6536446.501352,420711912.365550
4.190000,6602138.836232,429277183.754210
4.200000,6668491.389808,438016151.439974
4.210000,6735510.797386,446932331.012351
4.220000,6803203.760956,456029309.147614
4.230000,6871577.049866,465310745.045520
4.240000,6940637.501499,474780371.895064
4.250000,7010392.021950,484441998.369842
4.260000,7080847.586725,494299510.153639
4.270000,7152011.241434,504356871.496834
4.280000,7223890.102497,514618126.804260
4.290000,7296491.357853,525087402.255145
4.300000,7369822.267685,535768907.455783
4.310000,7443890.165138,546666937.125606
4.320000,7518702.457058,557785872.817314
4.330000,7594266.624732,569130184.671766
4.340000,7670590.224633,580704433.208337
4.350000,7747680.889180,592513271.151434
4.360000,7825546.327497,604561445.293932
4.370000,7904194.326188,616853798.398255
4.380000,7983632.750112,629395271.135868
4.390000,8063869.543171,642190904.065965
4.400000,8144912.729106,655245839.654124
4.410000,8226770.412297,668565324.331763
4.420000,8309450.778574,682154710.597198
4.430000,8392962.096038,696019459.159158
4.440000,8477312.715882,710165141.123610
4.450000,8562511.073233,724597440.224765
4.460000,8648565.687992,739322155.101170
4.470000,8735485.165685,754345201.617777
4.480000,8823278.198326,769672615.234941
4.490000,8911953.565285,785310553.425275
4.500000,9001520.134165,801265298.139341
4.510000,9091986.861693,817543258.321160
4.520000,9183362.794608,834150972.474549
4.530000,9275657.070575,851095111.281303
4.540000,9368878.919090,868382480.272290
4.550000,9463037.662409,886020022.552500
4.560000,9558142.716478,904014821.581164
4.570000,9654203.591874,922374104.008041
4.580000,9751229.894759,941105242.567007
4.590000,9849231.327835,960215759.028114
4.600000,9948217.691322,979713327.209292
4.610000,10048198.883929,999605776.048897
4.620000,10149184.903853,1019901092.740349
4.630000,10251185.849771,1040607425.930087
4.640000,10354211.921857,1061733088.980158
4.650000,10458273.422795,1083286563.296703
4.660000,10563380.758814,1105276501.725709
4.670000,10669544.440729,1127711732.017365
4.680000,10776775.084987,1150601260.360409
4.690000,10885083.414735,1173954274.987890
4.700000,10994480.260887,1197780149.855778
4.710000,11104976.563211,1222088448.395901
4.720000,11216583.371423,1246888927.344700
4.730000,11329311.846286,1272191540.649351
4.740000,11443173.260734,1298006443.452798
4.750000,11558179.000995,1324343996.159306
4.760000,11674340.567731,1351214768.582152
4.770000,11791669.577185,1378629544.175114
4.780000,11910177.762349,1406599324.349461
4.790000,12029876.974130,1435135332.878153
4.800000,12150779.182542,1464249020.389034
4.810000,12272896.477895,1493952068.948795
4.820000,12396241.072013,1524256396.739560
4.830000,12520825.299449,1555174162.829953
4.840000,12646661.618719,1586717772.042557
4.850000,12773762.613552,1618899879.919719
4.860000,12902140.994143,1651733397.789680
4.870000,13031809.598428,1685231497.935065
4.880000,13162781.393366,1719407618.865787
4.890000,13295069.476235,1754275470.698490
4.900000,13428687.075945,1789849040.644680
4.910000,13563647.554357,1826142598.609726
4.920000,13699964.407620,1863170702.904992
4.930000,13837651.267525,1900948206.075367
4.940000,13976721.902860,1939490260.844540
4.950000,14117190.220797,1978812326.180382
4.960000,14259070.268272,2018930173.482879
4.970000,14402376.233398,2059859892.897077
4.980000,14547122.446881,2101617899.753575
4.990000,14693323.383452,2144220941.139135
5.000000,14840993.663316,2187686102.600045
5.010000,14990148.053612,2232030814.980913
5.020000,15140801.469893,2277272861.401620
5.030000,15292968.977615,2323430384.375247
5.040000,15446665.793644,2370521893.069792
5.050000,15601907.287779,2418566270.716609
5.060000,15758708.984286,2467582782.168519
5.070000,15917086.563455,2517591081.610619
5.080000,16077055.863163,2568611220.426879
5.090000,16238632.880462,2620663655.225663
5.100000,16401833.773176,2673769256.027399
5.110000,16566674.861519,2727949314.617665
5.120000,16733172.629725,2783225553.069031
5.130000,16901343.727696,2839620132.435072
5.140000,17071204.972670,2897155661.620031
5.150000,17242773.350901,2955855206.427670
5.160000,17416066.019356,3015742298.792943
5.170000,17591100.307434,3076840946.200181
5.180000,17767893.718697,3139175641.291536
5.190000,17946463.932621,3202771371.669571
5.200000,18126828.806361,3267653629.897872
5.210000,18309006.376543,3333848423.703713
5.220000,18493014.861061,3401382286.386843
5.230000,18678872.660904,3470282287.438565
5.240000,18866598.361992,3540576043.375348
5.250000,19056210.737040,3612291728.791312
5.260000,19247728.747427,3685458087.634011
5.270000,19441171.545100,3760104444.708015
5.280000,19636558.474487,3836260717.410896
5.290000,19833909.074427,3913957427.706324
5.300000,20033243.080132,3993225714.339047
5.310000,20234580.425152,4074097345.296653
5.320000,20437941.243376,4156604730.523094
5.330000,20643345.871039,4240780934.889057
5.340000,20850814.848761,4326659691.424381
5.350000,21060368.923596,4414275414.817801
5.360000,21272029.051110,4503663215.189424
5.370000,21485816.397478,4594858912.141448
5.380000,21701752.341597,4687899049.092752
5.390000,21919858.477224,4782820907.903075
5.400000,22140156.615139,4879662523.792646
5.410000,22362668.785323,4978462700.563239
5.420000,22587417.239162,5079261026.126723
5.430000,22814424.451671,5182097888.347342
5.440000,23043713.123745,5287014491.204045
5.450000,23275306.184424,5394052871.279340
5.460000,23509226.793191,5503255914.581268
5.470000,23745498.342284,5614667373.705228
5.480000,23984144.459037,5728331885.342508
5.490000,24225189.008243,5844294988.142549
5.500000,24468656.094540,5962603140.936053
5.510000,24714570.064821,6083303741.326270
5.520000,24962955.510671,6206445144.655853
5.530000,25213837.270821,6332076683.356912
5.540000,25467240.433640,6460248686.691975
5.550000,25723190.339635,6591012500.893776
5.560000,25981712.583991,6724420509.711915
5.570000,26242833.019129,6860526155.374609
5.580000,26506577.757291,6999383959.973928
5.590000,26772973.173151,7141049547.283065
5.600000,27042045.906452,7285579665.014367
5.610000,27313822.864673,7433032207.527040
5.620000,27588331.225714,7583466238.993593
5.630000,27865598.440622,7736942017.034321
5.640000,28145652.236327,7893521016.829238
5.650000,28428520.618422,8053265955.717152
5.660000,28714231.873960,8216240818.291687
5.670000,29002814.574283,8382510882.004312
5.680000,29294297.577881,8552142743.284606
5.690000,29588710.033275,8725204344.188225
5.700000,29886081.381934,8901764999.583212
5.710000,30186441.361218,9081895424.885538
5.720000,30489820.007354,9265667764.354969
5.730000,30796247.658437,9453155619.962572
5.740000,31105754.957464,9644434080.841412
5.750000,31418372.855400,9839579753.332224
5.760000,31734132.614273,10038670791.636082
5.770000,32053065.810297,10241786929.086308
5.780000,32375204.337035,10449009510.052160
5.790000,32700580.408584,10660421522.487041
5.800000,33029226.562797,10876107631.134253
5.810000,33361175.664541,11096154211.403589
5.820000,33696460.908976,11320649383.932308
5.830000,34035115.824883,11549683049.844309
5.840000,34377174.278009,11783346926.721636
5.850000,34722670.474460,12021734585.302670
5.860000,35071638.964117,12264941486.921722
5.870000,35424114.644095,12513065021.704975
5.880000,35780132.762229,12766204547.538076
5.890000,36139728.920601,13024461429.820957
5.900000,36502939.079100,13287939082.025785
5.910000,36869799.559017,13556743007.074284
5.920000,37240347.046679,13830980839.550947
5.930000,37614618.597117,14110762388.769072
5.940000,37992651.637768,14396199682.706799
5.950000,38374483.972225,14687407012.830765
5.960000,38760153.784011,14984500979.825291
5.970000,39149699.640398,15287600540.245384
5.980000,39543160.496270,15596827054.112244
5.990000,39940575.698010,15912304333.470287
6.000000,40341984.987440,16234158691.925131
6.010000,40747428.505794,16562518995.182343
6.020000,41156946.797731,16897516712.607185
6.030000,41570580.815391,17239285969.825970
6.040000,41988371.922490,17587963602.390060
6.050000,42410361.898457,17943689210.524014
6.060000,42836592.942608,18306605214.979733
6.070000,43267107.678372,18676856914.018997
6.080000,43701949.157550,19054592541.547142
6.090000,44141160.864619,19439963326.421177
6.100000,44584786.721083,19833123552.956020
6.110000,45032871.089865,20234230622.653111
6.120000,45485458.779743,20643445117.176041
6.130000,45942595.049827,21060930862.598423
6.140000,46404325.614094,21486854994.949711
6.150000,46870696.645948,21921388027.085148
6.160000,47341754.782849,22364703916.906639
6.170000,47817547.130966,22816980136.961823
6.180000,48298121.269896,23278397745.449154
6.190000,48783525.257418,23749141458.657467
6.200000,49273807.634299,24229399724.868923
6.210000,49769017.429149,24719364799.754959
6.220000,50269204.163323,25219232823.295380
6.230000,50774417.855874,25729203898.251362
6.240000,51284709.028556,26249482170.223759
6.250000,51800128.710872,26780275909.328743
6.260000,52320728.445182,27321797593.523449
6.270000,52846560.291856,27874263993.614952
6.280000,53377676.834476,28437896259.986591
6.290000,53914131.185100,29012920011.076332
6.300000,54455976.989571,29599565423.642544
6.310000,55003268.432880,30198067324.853336
6.320000,55556060.244587,30808665286.236256
6.330000,56114407.704293,31431603719.525951
6.340000,56678366.647168,32067131974.448132
6.350000,57247993.469534,32715504438.478954
6.360000,57823345.134506,33376980638.619720
6.370000,58404479.177686,34051825345.227619
6.380000,58991453.712922,34740308677.944046
6.390000,59584327.438111,35442706213.762848
6.400000,60183159.641076,36159299097.281776
6.410000,60788010.205492,36890374153.181183
6.420000,61398939.616875,37636224000.975021
6.430000,62016008.968630,38397147172.080002
6.440000,62639279.968160,39173448229.249771
6.450000,63268814.943038,39965437888.421883
6.460000,63904676.847240,40773433143.026260
6.470000,64546929.267439,41597757390.804962
6.480000,65195636.429364,42438740563.193893
6.490000,65850863.204225,43296719257.318275
6.500000,66512675.115195,44172036870.654648
6.510000,67181138.343969,45065043738.413315
6.520000,67856319.737377,45976097273.696091
6.530000,68538286.814070,46905562110.485565
6.540000,69227107.771275,47853810249.522934
6.550000,69922851.491609,48821221207.132835
6.560000,70625587.549973,49808182167.054726
6.570000,71335386.220507,50815088135.341507
6.580000,72052318.483615,51842342098.387352
6.590000,72776456.033069,52890355184.148003
6.600000,73507871.283174,53959546826.617966
6.610000,74246637.376009,55050344933.630440
6.620000,74992828.188744,56163186058.047096
6.630000,75746518.341028,57298515572.406189
6.640000,76507783.202448,58456787847.098846
6.650000,77276698.900068,59638466432.144814
6.660000,78053342.326041,60844024242.640419
6.670000,78837791.145299,62073943747.952858
6.680000,79630123.803320,63328717164.736534
6.690000,80430419.533972,64608846653.848679
6.700000,81238758.367434,65914844521.242973
6.710000,82055221.138204,67247233422.921562
6.720000,82879889.493179,68606546574.027458
6.730000,83712845.899820,69993327962.160934
6.740000,84554173.654400,71408132565.005295
6.750000,85403956.890333,72851526572.349030
6.760000,86262280.586588,74324087612.593201
6.770000,87129230.576187,75826404983.834610
6.780000,88004893.554786,77359079889.617294
6.790000,88889357.089347,78922725679.446533
6.800000,89782709.626897,80517968094.161697
6.810000,90685040.503366,82145445516.265930
6.820000,91596439.952527,83805809225.313034
6.830000,92516999.115018,85499723658.453445
6.840000,93446810.047453,87227866676.243805
6.850000,94385965.731631,88990929833.826172
6.860000,95334560.083834,90789618657.585663
6.870000,96292687.964217,92624652927.396835
6.880000,97260445.186295,94496766964.572052
6.890000,98237928.526525,96406709925.626846
6.900000,99225235.733984,98355246101.979721
6.910000,100222465.540141,100343155225.706482
6.920000,101229717.668735,102371232781.471252
6.930000,102247092.845742,104440290324.758987
6.940000,103274692.809453,106551155806.536774
6.950000,104312620.320644,108704673904.473892
6.960000,105360979.172854,110901706360.852951
6.970000,106419874.202764,113143132327.307388
6.980000,107489411.300682,115429848716.523300
6.990000,108569697.421128,117762770561.046051
7.000000,109660840.593536,120142831379.335495
7.010000,110762949.933050,122570983549.216003
7.020000,111876135.651441,125048198688.870773
7.030000,113000509.068126,127575468045.532867
7.040000,114136182.621300,130153802892.028381
7.050000,115283269.879181,132784234931.330399
7.060000,116441885.551365,135467816709.285599
7.070000,117612145.500299,138205622035.678558
7.080000,118794166.752867,140998746413.802277
7.090000,119988067.512090,143848307478.706543
7.100000,121193967.168951,146755445444.299744
7.110000,122411986.314332,149721323559.482788
7.120000,123642246.751071,152747128573.497589
7.130000,124884871.506146,155834071210.676361
7.140000,126139984.842976,158983386654.781525
7.150000,127407712.273847,162196335043.130127
7.160000,128688180.572465,165474201970.700195
7.170000,129981517.786632,168818299004.420898
7.180000,131287853.251051,172229964207.852203
7.190000,132607317.600259,175710562676.463684
7.200000,133940042.781694,179261487083.727020
7.210000,135286162.068886,182884158238.240143
7.220000,136645810.074785,186580025652.106384
7.230000,138019122.765224,190350568120.795563
7.240000,139406237.472514,194197294314.719177
7.250000,140807292.909179,198121743382.756409
7.260000,142222429.181826,202125485567.972168
7.270000,143651787.805158,206210122835.773590
7.280000,145095511.716120,210377289514.756256
7.290000,146553745.288202,214628652950.496460
7.300000,148026634.345865,218965914172.551086
7.310000,149514326.179136,223390808574.931885
7.320000,151016969.558325,227905106610.326233
7.330000,152534714.748912,232510614498.342407
7.340000,154067713.526568,237209174948.062256
7.350000,155616119.192335,242002667895.190674
7.360000,157180086.587954,246893011254.096466
7.370000,158759772.111353,251882161685.045654
7.380000,160355333.732283,256972115376.934021
7.390000,161966931.008117,262164908845.831909
7.400000,163594725.099806,267462619749.660950
7.410000,165238878.787995,272867367719.328400
7.420000,166899556.489301,278381315206.651611
7.430000,168576924.272755,284006668349.411804
7.440000,170271149.876409,289745677853.883301
7.450000,171982402.724109,295600639895.190979
7.460000,173710853.942439,301573897035.856506
7.470000,175456676.377833,307667839162.900330
7.480000,177220044.613859,313884904443.874634
7.490000,179001134.988680,320227580302.209473
7.500000,180800125.612686,326698404412.262329
7.510000,182617196.386305,333299965714.469360
7.520000,184452529.017993,340034905451.003784
7.530000,186306307.042406,346905918222.356323
7.540000,188178715.838755,353915753065.260132
7.550000,190069942.649341,361067214552.391235
7.560000,191980176.598280,368363163914.284546
7.570000,193909608.710417,375806520183.914307
7.580000,195858431.930429,383400261364.396729
7.590000,197826841.142116,391147425620.281616
7.600000,199815033.187894,399051112492.910217
7.610000,201823206.888477,407114484140.324829
7.620000,203851563.062760,415340766602.226318
7.630000,205900304.547900,423733251090.485718
7.640000,207969636.219600,432295295305.726074
7.650000,210059765.012598,441030324780.500854
7.660000,212170899.941361,449941834249.606812
7.670000,214303252.120984,459033389048.079041
7.680000,216457034.788304,468308626537.427368
7.690000,218632463.323222,477771257560.684937
7.700000,220829755.270244,487425067926.850830
7.710000,223049130.360232,497273919925.320374
7.720000,225290810.532380,507321753870.909485
7.730000,227555019.956407,517572589680.090271
7.740000,229841985.054974,528030528479.069031
7.750000,232151934.526327,538699754244.349854
7.760000,234485099.367167,549584535476.439697
7.770000,236841712.895749,560689226907.364746
7.780000,239222010.775215,572018271242.681030
7.790000,241626231.037160,583576200938.676392
7.800000,244054614.105435,595367640015.473755
7.810000,246507402.820191,607397305906.762695
7.820000,248984842.462160,619670011346.896851
7.830000,251487180.777188,632190666296.114868
7.840000,254014668.001006,644964279904.652222
7.850000,256567556.884255,657995962516.531494
7.860000,259146102.717762,671290927713.832275
7.870000,261750563.358066,684854494402.257446
7.880000,264381199.253210,698692088938.831299
7.890000,267038273.468780,712809247302.580444
7.900000,269722051.714214,727211617309.064819
7.910000,272432802.369374,741904960869.645630
7.920000,275170796.511384,756895156296.393799
7.930000,277936307.941737,772188200653.560913
7.940000,280729613.213674,787790212156.552612
7.950000,283550991.659844,803707432619.364990
7.960000,286400725.420232,819946229951.462646
7.970000,289279099.470379,836513100705.097046
7.980000,292186401.649874,853414672674.084351
7.990000,295122922.691143,870657707545.081787
8.000000,298088956.248518,888249103602.424194
8.010000,301084798.927607,906195898487.601440
8.020000,304110750.314952,924505272014.481201
8.030000,307167113.007990,943184549041.403564
8.040000,310254192.645309,962241202401.295166
8.050000,313372297.937216,981682855890.976685
8.060000,316521740.696609,1001517287320.857300
8.070000,319702835.870153,1021752431626.238403
8.080000,322915901.569781,1042396384041.469116
8.090000,326161259.104502,1063457403338.224243
8.100000,329439233.012534,1084943915129.200317
8.110000,332750151.093755,1106864515238.550537
8.120000,336094344.442487,1129227973140.406982
8.130000,339472147.480603,1152043235466.865967
8.140000,342883897.990972,1175319429586.839844
8.150000,346329937.151235,1199065867257.206055
8.160000,349810609.567923,1223292048347.713867
8.170000,353326263.310921,1248007664641.140625
8.180000,356877249.948272,1273222603710.216064
8.190000,360463924.581334,1298946952872.864502
8.200000,364086645.880295,1325191003227.350342
8.210000,367745776.120034,1351965253768.937256
8.220000,371441681.216353,1379280415589.710693
8.230000,375174730.762567,1407147416163.242188
8.240000,378945298.066465,1435577403715.809326
8.250000,382753760.187640,1464581751685.920898
8.260000,386600497.975194,1494172063273.930908
8.270000,390485896.105827,1524360176083.559326
8.280000,394410343.122301,1555158166857.180176
8.290000,398374231.472297,1586578356306.766602
8.300000,402377957.547660,1618633314042.429443
8.310000,406421921.724036,1651335863600.518311
8.320000,410506528.400912,1684699087573.296631
8.330000,414632186.042058,1718736332842.243896
8.340000,418799307.216369,1753461215917.077393
8.350000,423008308.639125,1788887628382.629150
8.360000,427259611.213666,1825029742455.757813
8.370000,431553640.073474,1861902016654.517090
8.380000,435890824.624697,1899519201581.849854
8.390000,440271598.589081,1937896345826.119385
8.400000,444696400.047348,1977048801980.840576
8.410000,449165671.483004,2016992232786.017334
8.420000,453679859.826585,2057742617393.543457
8.430000,458239416.500352,2099316257759.172852
8.440000,462844797.463433,2141729785163.616455
8.450000,467496463.257422,2185000166865.374023
8.460000,472194879.052428,2229144712887.961914
8.470000,476940514.693598,2274181082944.251953
8.480000,481733844.748099,2320127293500.691895
8.490000,486575348.552575,2367001724984.232422
8.500000,491465510.261081,2414823129134.843262
8.510000,496404818.893501,2463610636506.561035
8.520000,501393768.384448,2513383764120.066406
8.530000,506432857.632658,2564162423269.855957
8.540000,511522590.550881,2615966927489.128418
8.550000,516663476.116272,2668818000675.571289
8.560000,521856028.421292,2722736785381.301758
8.570000,527100766.725112,2777744851270.272949
8.580000,532398215.505543,2833864203746.532227
8.590000,537748904.511487,2891117292756.782227
8.600000,543153368.815904,2949527021770.764648
8.610000,548612148.869329,3009116756943.061035
8.620000,554125790.553910,3069910336459.972656
8.630000,559694845.238002,3131932080075.220215
8.640000,565319869.831301,3195206798838.279785
8.650000,571001426.840535,3259759805019.240234
8.660000,576740084.425720,3325616922234.159180
8.670000,582536416.456969,3392804495774.962402
8.680000,588391002.571887,3461349403148.023438
8.690000,594304428.233529,3531279064825.634766
8.700000,600277284.788951,3602621455214.673340
8.710000,606310169.528341,3675405113846.848633
8.720000,612403685.744755,3749659156795.006348
8.730000,618558442.794439,3825413288320.061035
8.740000,624775056.157770,3902697812753.207031
8.750000,631054147.500805,3981543646618.169922
8.760000,637396344.737444,4061982330998.341309
8.770000,643802282.092225,4144046044153.748047
8.780000,650272600.163746,4227767614392.898926
8.790000,656807945.988728,4313180533204.661133
8.800000,663408973.106713,4400318968655.417969
8.810000,670076341.625424,4489217779056.867188
8.820000,676810718.286775,4579912526909.925781
8.830000,683612776.533544,4672439493130.321289
8.840000,690483196.576719,4766835691561.559570
8.850000,697422665.463520,4863138883781.070313
8.860000,704431877.146105,4961387594205.461914
8.870000,711511532.550961,5061621125500.916992
8.880000,718662339.649004,5163879574304.903320
8.890000,725885013.526373,5268203847265.479492
8.900000,733180276.455937,5374635677404.619141
8.910000,740548857.969529,5483217640812.094727
8.920000,747991494.930892,5593993173676.598633
8.930000,755508931.609373,5707006589660.918945
8.940000,763101919.754348,5822303097628.114258
8.950000,770771218.670393,5939928819725.778320
8.960000,778517595.293223,6059930809835.637695
8.970000,786341824.266381,6182357072395.846680
8.980000,794244688.018704,6307256581603.527344
8.990000,802226976.842566,6434679301005.217773
9.000000,810289488.972909,6564676203483.076172
9.010000,818433030.667067,6697299291644.834961
9.020000,826658416.285391,6832601618625.656250
9.030000,834966468.372687,6970637309310.213867
9.040000,843358017.740471,7111461581983.486328
9.050000,851833903.550050,7255130770418.927734
9.060000,860394973.396439,7401702346412.848633
9.070000,869042083.393122,7551234942774.018555
9.080000,877776098.257663,7703788376777.692383
9.090000,886597891.398178,7859423674093.434570
9.100000,895508345.000679,8018203093196.320313
9.110000,904508350.117290,8180190150271.275391
9.120000,913598806.755355,8345449644620.512695
9.130000,922780623.967438,8514047684584.236328
9.140000,932054719.942231,8686051713984.977539
9.150000,941422022.096372,8861530539106.136719
9.160000,950883467.167187,9040554356215.535156
9.170000,960440001.306366,9223194779644.970703
9.180000,970092580.174577,9409524870437.023438
9.190000,979842169.037035,9599619165570.558594
9.200000,989689742.860027,9793553707776.630859
9.210000,999636286.408411,9991406075956.701172
9.220000,1009682794.344093,10193255416215.345703
9.230000,1019830271.325493,10399182473519.865234
9.240000,1030079732.108012,10609269623999.462891
9.250000,1040432201.645509,10823600907896.900391
9.260000,1050888715.192797,11042262063185.832031
9.270000,1061450318.409169,11265340559867.240234
9.280000,1072118067.462964,11492925634958.712891
9.290000,1082893029.137185,11725108328190.550781
9.300000,1093776280.936180,11961981518422.972656
9.310000,1104768911.193390,12203639960799.007813
9.320000,1115872019.180186,12450180324647.921875
9.330000,1127086715.215795,12701701232154.335938
9.340000,1138414120.778334,12958303297808.517578
9.350000,1149855368.616959,13220089168653.623047
9.360000,1161411602.865139,13487163565345.976563
9.370000,1173083979.155071,13759633324044.826172
9.380000,1184873664.733245,14037607439148.333984
9.390000,1196781838.577170,14321197106892.875000
9.400000,1208809691.513268,14610515769833.113281
9.410000,1220958426.335965,14905679162220.621094
9.420000,1233229257.927966,15206805356299.218750
9.430000,1245623413.381745,15514014809535.525391
9.440000,1258142132.122255,15827430412803.644531
9.450000,1270786666.030875,16147177539543.228516
9.460000,1283558279.570594,16473384095910.613281
9.470000,1296458249.912461,16806180571943.062500
9.480000,1309487867.063304,17145700093756.597656
9.490000,1322648433.994729,17492078476798.294922
9.500000,1335941266.773419,17845454280174.347656
9.510000,1349367694.692744,18205968862075.625000
9.520000,1362929060.405687,18573766436322.898438
9.530000,1376626720.059115,18948994130054.355469
9.540000,1390462043.429392,19331802042578.484375
9.550000,1404436414.059358,19722343305415.855469
9.560000,1418551229.396683,20120774143553.816406
9.570000,1432807900.933617,20527253937938.636719
9.580000,1447207854.348136,20941945289230.054688
9.590000,1461752529.646514,21365014082843.746094
9.600000,1476443381.307320,21796629555307.761719
9.610000,1491281878.426874,22236964361959.417969
9.620000,1506269504.866152,22686194646009.781250
9.630000,1521407759.399175,23144500109003.324219
9.640000,1536698155.862890,23612064082700.972656
9.650000,1552142223.308548,24089073602415.273438
9.660000,1567741506.154620,24575719481827.031250
9.670000,1583497564.341232,25072196389313.343750
9.680000,1599411973.486163,25578702925817.562500
9.690000,1615486325.042409,26095441704292.316406
9.700000,1631722226.457328,26622619430747.402344
9.710000,1648121301.333387,27160446986934.937500
9.720000,1664685189.590523,27709139514704.863281
9.730000,1681415547.630135,28268916502064.542969
9.740000,1698314048.500728,28840001870976.871094
9.750000,1715382382.065217,29422624066932.023438
9.760000,1732622255.169916,30017016150328.667969
9.770000,1750035391.815223,30623415889701.187500
9.780000,1767623533.328021,31242065856830.238281
9.790000,1785388438.535813,31873213523774.636719
9.800000,1803331883.942606,32517111361863.429688
9.810000,1821455663.906562,33174016942687.742188
9.820000,1839761590.819436,33844193041132.773438
9.830000,1858251495.287815,34527907740491.175781
9.840000,1876927226.316183,35225434539699.882813
9.850000,1895790651.491820,35937052462743.218750
9.860000,1914843657.171563,36663046170266.140625
9.870000,1934088148.670444,37403706073442.179688
9.880000,1953526050.452223,38159328450141.664063
9.890000,1973159306.321833,38930215563446.710938
9.900000,1992989879.619765,39716675782560.359375
9.910000,2013019753.418404,40519023706158.226563
9.920000,2033250930.720334,41337580288232.031250
9.930000,2053685434.658644,42172672966475.304688
9.940000,2074325308.699240,43024635793262.687500
9.950000,2095172616.845195,43893809569275.148438
9.960000,2116229443.843149,44780541979824.640625
9.970000,2137497895.391787,45685187733932.640625
9.980000,2158980098.352409,46608108706218.312500
9.990000,2180678200.961620,47549674081652.945313
10.000000,2202594373.046151,48510260503238.664063
